hr : 0.6943465866363256
dow : 0.7162491145031984
elapsed_time_rt : 0.708369984083053
is_rt_any : 0.7185576677654768
is_same_domain : 0.6905672268444232
creative_type : 0.7237686419736277
os : 0.7107103656280921
prob_man : 0.7258016409982755
ctr_user : 0.7218207633202992
inview_ratio : 0.6895987682898437
ctr_slot : 0.720820093747484
iv_ctr_slot : 0.7226123368444555
slot_category : 0.7256073338486781
slot_site_type : 0.7019486471861949
ctr_sp_slot : 0.6981423121975141
iv_ctr_sp_slot : 0.6959065705333192